0.030[0.017[1.000
0.035[0.021[1.000
0.035[0.021[1.000
0.033[0.020[1.000
0.033[0.020[1.000
0.031[0.020[1.000
0.031[0.020[1.000
0.030[0.019[1.001
0.030[0.019[1.001
0.035[0.021[1.000
0.035[0.021[1.000
0.034[0.022[1.001
0.034[0.022[1.001
0.033[0.021[1.000
0.033[0.021[1.000
0.033[0.021[1.001
0.033[0.021[1.001
0.013[-0.007[1.000
0.013[-0.007[1.000
0.040[0.035[1.000
0.040[0.035[1.000
0.035[0.026[1.000
0.035[0.026[1.000
0.032[0.022[1.000
0.032[0.022[1.000
0.021[-0.002[1.000
0.021[-0.002[1.000
-0.052[-0.205[1.000
-0.052[-0.205[1.000
0.047[0.068[1.001
0.047[0.068[1.001
0.070[0.094[1.000
0.070[0.094[1.000
0.075[0.123[1.000
0.075[0.123[1.000
0.032[0.018[1.000
0.032[0.018[1.000
0.033[0.017[1.000
0.033[0.017[1.000
0.032[0.018[1.001
0.032[0.018[1.001
0.032[0.020[1.000
0.032[0.020[1.000
0.031[0.021[1.000
0.031[0.021[1.000
0.031[0.022[1.000
0.031[0.022[1.000
0.032[0.020[1.000
0.032[0.020[1.000
0.032[0.019[1.001
0.032[0.019[1.001
0.030[0.018[1.000
0.030[0.018[1.000
0.032[0.021[1.000
0.032[0.021[1.000
0.031[0.018[1.000
0.031[0.018[1.000
0.032[0.021[1.000
0.032[0.021[1.000
0.031[0.021[1.000
0.031[0.021[1.000
0.032[0.020[1.000
0.032[0.020[1.000
0.034[0.021[1.000
0.034[0.021[1.000
0.033[0.020[1.000
0.033[0.020[1.000
0.034[0.020[1.002
0.034[0.020[1.002
0.033[0.020[1.001
0.033[0.020[1.001
0.031[0.019[1.000
0.031[0.019[1.000
0.030[0.019[1.000
0.030[0.019[1.000
0.032[0.020[1.001
0.032[0.020[1.001
0.031[0.021[1.000
0.031[0.021[1.000
0.031[0.021[1.000
0.031[0.021[1.000
0.032[0.021[1.000
0.032[0.021[1.000
0.033[0.021[1.001
0.033[0.021[1.001
0.033[0.020[1.000
0.033[0.020[1.000
0.032[0.021[1.000
0.032[0.021[1.000
0.032[0.020[1.000
0.032[0.020[1.000
0.031[0.020[1.000
0.031[0.020[1.000
0.031[0.020[1.000
0.031[0.020[1.000
0.031[0.019[1.000
0.031[0.019[1.000
0.032[0.019[1.000
0.032[0.019[1.000
0.033[0.020[1.000
0.033[0.020[1.000
0.032[0.020[1.000
0.032[0.020[1.000
0.031[0.020[1.000
0.031[0.020[1.000
0.032[0.019[1.000
0.032[0.019[1.000
0.034[0.021[1.000
0.034[0.021[1.000
0.032[0.021[1.000
0.032[0.021[1.000
0.032[0.021[1.000
0.032[0.021[1.000
0.030[0.020[1.000
0.030[0.020[1.000
0.031[0.019[1.000
0.031[0.019[1.000
0.032[0.019[1.000
0.032[0.019[1.000
0.067[0.059[1.001
0.067[0.059[1.001
0.059[0.080[1.000
0.059[0.080[1.000
0.053[0.063[1.000
0.053[0.063[1.000
0.061[0.059[1.001
0.061[0.059[1.001
0.039[0.013[1.000
0.039[0.013[1.000
0.009[-0.026[1.000
0.009[-0.026[1.000
0.019[-0.004[1.000
0.019[-0.004[1.000
0.017[-0.001[1.000
0.017[-0.001[1.000
0.101[0.092[1.000
0.101[0.092[1.000
0.104[0.143[1.000
0.092[0.104[1.000
0.092[0.104[1.000
0.097[0.104[1.000
0.097[0.104[1.000
0.084[0.084[0.999
0.084[0.084[0.999
0.078[0.050[0.999
0.078[0.050[0.999
0.062[0.040[1.004
0.062[0.040[1.004
0.060[0.056[1.000
0.060[0.056[1.000
0.047[0.033[1.001
0.047[0.033[1.001
0.077[0.081[0.998
0.077[0.081[0.998
0.068[0.072[0.998
0.068[0.072[0.998
0.046[0.022[1.001
0.046[0.022[1.001
0.030[0.001[0.998
0.030[0.001[0.998
0.050[0.052[1.004
0.050[0.052[1.004
0.020[-0.001[1.002
0.020[-0.001[1.002
0.059[0.057[1.000
0.059[0.057[1.000
0.037[0.031[1.000
0.037[0.031[1.000
0.038[0.032[1.004
0.038[0.032[1.004
0.041[0.050[1.002
0.041[0.050[1.002
0.009[-0.001[0.999
0.009[-0.001[0.999
0.012[-0.016[1.002
0.012[-0.016[1.002
0.035[0.047[1.004
0.035[0.047[1.004
0.011[0.015[1.001
0.011[0.015[1.001
0.020[-0.010[0.996
0.020[-0.010[0.996
0.031[0.032[1.002
0.031[0.032[1.002
-0.008[-0.026[0.999
-0.008[-0.026[0.999
0.028[0.033[0.997
0.028[0.033[0.997
0.033[0.028[1.005
0.033[0.028[1.005
0.032[0.018[1.001
0.032[0.018[1.001
0.047[0.040[0.996
0.047[0.040[0.996
0.056[0.044[1.005
0.056[0.044[1.005
0.048[0.062[0.997
0.048[0.062[0.997
0.054[0.047[0.995
0.054[0.047[0.995
0.060[0.060[1.006
0.060[0.060[1.006
0.053[0.048[1.003
0.053[0.048[1.003
0.020[-0.005[0.988
0.020[-0.005[0.988
0.049[0.065[1.006
0.049[0.065[1.006
0.031[0.026[0.987
0.031[0.026[0.987
0.020[0.000[1.011
0.020[0.000[1.011
0.028[0.018[1.000
0.028[0.018[1.000
0.020[-0.006[1.000
0.020[-0.006[1.000
0.011[-0.030[1.000
0.011[-0.030[1.000
0.015[-0.011[1.001
0.015[-0.011[1.001
0.007[-0.021[1.002
0.007[-0.021[1.002
0.032[0.042[1.001
0.032[0.042[1.001
0.036[0.031[1.001
0.036[0.031[1.001
0.029[0.052[0.999
0.029[0.052[0.999
0.004[-0.016[1.002
0.004[-0.016[1.002
0.029[0.017[0.998
0.029[0.017[0.998
0.015[-0.034[1.001
0.015[-0.034[1.001
0.043[0.021[1.000
0.043[0.021[1.000
0.024[-0.016[0.998
0.024[-0.016[0.998
0.045[0.019[1.000
0.045[0.019[1.000
0.018[-0.015[0.997
0.018[-0.015[0.997
0.029[-0.001[1.003
0.029[-0.001[1.003
0.032[0.044[1.001
0.032[0.044[1.001
0.014[-0.023[0.999
0.014[-0.023[0.999
0.052[0.047[1.004
0.052[0.047[1.004
0.031[0.046[0.995
0.031[0.046[0.995
0.029[0.041[1.003
0.029[0.041[1.003
0.041[0.044[1.003
0.041[0.044[1.003
0.021[0.011[1.000
0.021[0.011[1.000
0.038[0.035[0.996
0.038[0.035[0.996
0.037[0.030[1.006
0.037[0.030[1.006
0.049[0.083[1.004
0.049[0.083[1.004
0.033[0.054[0.997
