1.088[-1.829[52.828
1.088[-1.835[52.877
1.088[-1.835[52.932
1.088[-1.835[52.971
1.088[-1.840[53.004
1.088[-1.840[53.031
1.088[-1.840[53.064
1.088[-1.840[53.097
1.088[-1.840[53.130
1.082[-1.840[53.157
1.082[-1.840[53.190
1.082[-1.840[53.196
1.082[-1.846[53.196
1.082[-1.846[53.196
1.082[-1.846[53.196
1.088[-1.846[53.196
1.088[-1.851[53.201
1.071[-1.835[53.223
1.049[-1.824[53.245
1.055[-1.829[53.262
1.060[-1.835[53.284
1.066[-1.835[53.300
1.066[-1.835[53.322
1.071[-1.835[53.333
1.071[-1.835[53.350
1.055[-1.829[53.394
1.038[-1.818[53.438
0.906[-1.774[53.608
0.775[-1.736[53.773
0.797[-1.747[53.844
0.818[-1.763[53.915
0.868[-1.785[53.910
0.912[-1.807[53.910
0.978[-1.835[53.893
1.038[-1.862[53.882
1.038[-1.862[53.882
1.038[-1.862[53.882
1.038[-1.862[53.866
1.033[-1.862[53.849
1.033[-1.857[53.789
1.033[-1.857[53.723
1.038[-1.857[53.657
1.044[-1.857[53.591
1.049[-1.857[53.531
1.055[-1.857[53.476
1.055[-1.851[53.438
1.060[-1.851[53.399
1.060[-1.851[53.377
1.060[-1.851[53.355
1.060[-1.846[53.333
1.060[-1.846[53.306
1.060[-1.846[53.289
1.060[-1.846[53.267
1.060[-1.846[53.251
1.066[-1.846[53.229
1.066[-1.840[53.223
1.066[-1.840[53.212
1.066[-1.840[53.212
1.066[-1.840[53.212
1.066[-1.840[53.212
1.066[-1.840[53.212
1.066[-1.840[53.207
1.066[-1.840[53.207
1.066[-1.840[53.207
1.066[-1.840[53.201
1.066[-1.840[53.196
1.071[-1.840[53.190
1.071[-1.840[53.185
1.066[-1.840[53.179
1.066[-1.840[53.163
1.066[-1.840[53.152
1.071[-1.840[53.130
1.071[-1.840[53.113
1.066[-1.835[53.086
1.066[-1.835[53.064
1.066[-1.835[53.047
1.071[-1.835[53.031
1.071[-1.835[53.015
1.071[-1.835[52.998
1.071[-1.829[52.993
1.077[-1.829[52.987
1.077[-1.829[52.987
1.077[-1.829[52.987
1.077[-1.835[52.987
1.082[-1.835[52.987
1.082[-1.835[52.987
1.082[-1.840[52.987
1.082[-1.840[52.987
1.088[-1.840[52.982
1.082[-1.840[52.982
1.082[-1.840[52.982
1.082[-1.840[52.982
1.082[-1.840[52.982
1.082[-1.840[52.982
1.082[-1.840[52.982
1.082[-1.835[52.982
1.082[-1.835[52.976
1.082[-1.835[52.976
1.088[-1.835[52.971
1.088[-1.835[52.954
1.088[-1.835[52.932
1.088[-1.835[52.910
1.088[-1.835[52.894
1.088[-1.835[52.877
1.082[-1.829[52.866
1.082[-1.835[52.866
1.082[-1.835[52.866
1.082[-1.835[52.866
1.088[-1.835[52.872
1.082[-1.835[52.866
1.082[-1.835[52.866
1.088[-1.835[52.866
1.088[-1.835[52.866
1.088[-1.835[52.866
1.088[-1.829[52.866
1.088[-1.829[52.866
1.082[-1.829[52.872
1.082[-1.829[52.866
1.077[-1.824[52.866
1.104[-1.846[52.822
1.132[-1.868[52.784
1.170[-1.884[52.734
1.208[-1.901[52.685
1.236[-1.912[52.652
1.258[-1.917[52.619
1.285[-1.934[52.592
1.307[-1.950[52.564
1.302[-1.950[52.548
1.296[-1.950[52.531
1.274[-1.934[52.515
1.247[-1.917[52.504
1.236[-1.912[52.476
1.225[-1.901[52.449
1.214[-1.895[52.432
1.203[-1.884[52.421
1.258[-1.928[52.361
1.307[-1.967[52.300
1.384[-2.010[52.262
1.434[-2.049[52.284
1.483[-2.082[52.306
1.538[-2.115[52.322
1.599[-2.153[52.344
1.648[-2.164[52.344
1.692[-2.181[52.350
1.664[-2.186[52.377
1.637[-2.197[52.405
1.631[-2.219[52.421
1.626[-2.236[52.438
1.659[-2.252[52.410
1.686[-2.269[52.383
1.708[-2.280[52.317
1.725[-2.291[52.251
1.758[-2.329[52.218
1.785[-2.368[52.185
1.818[-2.395[52.174
1.851[-2.417[52.163
1.851[-2.417[52.180
1.857[-2.422[52.196
1.835[-2.428[52.224
1.813[-2.433[52.245
1.785[-2.411[52.289
1.758[-2.395[52.339
1.763[-2.401[52.355
1.769[-2.406[52.366
1.802[-2.417[52.399
1.840[-2.422[52.432
1.785[-2.390[52.515
1.730[-2.351[52.603
1.741[-2.346[52.657
1.752[-2.340[52.712
1.796[-2.351[52.762
1.835[-2.357[52.811
1.741[-2.329[52.844
1.653[-2.302[52.877
1.626[-2.285[52.866
1.599[-2.263[52.850
1.642[-2.247[52.839
1.681[-2.225[52.828
1.714[-2.219[52.789
1.747[-2.214[52.745
1.725[-2.214[52.619
1.703[-2.214[52.498
1.692[-2.225[52.394
1.686[-2.230[52.295
1.659[-2.164[52.158
1.631[-2.104[52.015
1.599[-2.054[51.844
1.560[-2.005[51.669
1.577[-2.027[51.487
1.593[-2.043[51.301
1.609[-2.065[51.097
1.626[-2.087[50.894
1.626[-2.098[50.707
1.626[-2.104[50.521
1.659[-2.109[50.361
1.692[-2.115[50.208
1.725[-2.142[50.070
1.758[-2.170[49.938
1.686[-2.142[49.807
1.615[-2.109[49.669
1.659[-2.126[49.548
1.697[-2.137[49.427
1.758[-2.148[49.351
1.813[-2.164[49.274
1.780[-2.131[49.208
1.741[-2.104[49.142
1.785[-2.131[49.087
1.835[-2.164[49.037
1.802[-2.142[48.994
1.774[-2.126[48.955
1.769[-2.098[48.873
1.763[-2.071[48.790
1.769[-2.098[48.697
1.780[-2.126[48.604
1.774[-2.131[48.494
1.769[-2.142[48.389
1.686[-2.071[48.274
1.609[-2.005[48.159
1.577[-2.016[48.043
1.544[-2.027[47.922
1.516[-1.989[47.758
1.489[-1.950[47.587
1.505[-1.950[47.411
1.516[-1.950[47.230
1.560[-1.939[47.109
1.599[-1.934[46.994
1.631[-1.928[46.901
1.670[-1.923[46.807
1.659[-1.901[46.675
1.648[-1.879[46.544
1.637[-1.851[46.379
1.626[-1.818[46.214
1.593[-1.791[46.000
1.560[-1.763[45.786
1.560[-1.785[45.560
1.560[-1.807[45.341
1.538[-1.807[45.143
1.522[-1.807[44.951
1.522[-1.824[44.797
1.522[-1.840[44.643
1.500[-1.829[44.550
1.483[-1.824[44.456
1.434[-1.802[44.335
1.384[-1.780[44.214
1.417[-1.802[44.110
1.450[-1.818[44.000
1.445[-1.796[43.835
1.434[-1.780[43.671
1.483[-1.791[43.528
1.538[-1.802[43.380
1.549[-1.796[43.281
1.566[-1.791[43.176
1.544[-1.752[43.094
1.516[-1.719[43.011
1.560[-1.747[42.940
1.604[-1.780[42.874
1.599[-1.780[42.797
1.599[-1.780[42.726
1.566[-1.747[42.649
1.538[-1.708[42.572
1.538[-1.681[42.501
1.544[-1.648[42.429
1.626[-1.681[42.402
1.714[-1.708[42.369
1.747[-1.752[42.363
